,leftward,no movement,rightward
leftward,15,2,7
no movement,0,0,0
rightward,32,0,4
