,clockwise,counterclockwise,no movement
clockwise,1,23,2
counterclockwise,1,26,7
no movement,0,0,0
